200
5.712571740150451660e-02 -7.390380650758743286e-02 5.917756631970405579e-02
-4.608135670423507690e-02 6.669334135949611664e-03 -4.210744425654411316e-02
-9.572889655828475952e-02 -9.371004253625869751e-02 1.245467271655797958e-02
1.867731064558029175e-01 -4.209135845303535461e-02 2.592853643000125885e-02
1.661513932049274445e-03 5.027028918266296387e-02 4.618497937917709351e-02
-1.301617920398712158e-01 1.646216362714767456e-01 4.823555052280426025e-02
-5.080633610486984253e-02 1.516012400388717651e-01 -4.359269887208938599e-02
-9.392266720533370972e-02 3.224021196365356445e-02 -1.799368113279342651e-02
1.869933307170867920e-01 -4.967733472585678101e-02 -3.828587755560874939e-02
-6.569200009107589722e-02 1.478829234838485718e-01 -4.873173311352729797e-02
8.652733266353607178e-02 -7.884430885314941406e-02 6.116931512951850891e-02
1.636664196848869324e-02 -8.844663947820663452e-02 3.359812125563621521e-02
-1.885301247239112854e-02 1.423592716455459595e-01 -3.202207386493682861e-03
-6.191761419177055359e-02 -8.628792315721511841e-02 -5.350515991449356079e-02
-1.523640286177396774e-02 1.302872896194458008e-01 9.177995845675468445e-03
1.697406470775604248e-01 -8.710694313049316406e-02 -6.795607507228851318e-02
1.518634408712387085e-01 -1.012178435921669006e-01 -5.201763659715652466e-02
1.489055603742599487e-01 -1.089067310094833374e-01 4.197782650589942932e-02
1.638339608907699585e-01 -3.432498127222061157e-02 3.252917528152465820e-02
-5.829721689224243164e-02 -4.972841963171958923e-02 -4.406845569610595703e-02
9.247325360774993896e-02 -8.947576582431793213e-02 -6.658899784088134766e-02
1.315687447786331177e-01 -9.559874981641769409e-02 -6.562154740095138550e-02
1.771128326654434204e-01 -3.808419033885002136e-02 2.126662433147430420e-02
-1.467559207230806351e-02 -2.916079014539718628e-02 5.171558260917663574e-02
1.658369749784469604e-01 -4.658044874668121338e-02 -2.605392038822174072e-02
-1.018292158842086792e-01 -6.876132637262344360e-02 -3.485339507460594177e-02
1.623334586620330811e-01 -5.254586040973663330e-02 5.719028785824775696e-02
-1.489774882793426514e-01 1.564584374427795410e-01 2.745125256478786469e-02
4.304547607898712158e-02 -6.230696290731430054e-02 -6.395543366670608521e-02
1.144448518753051758e-01 -9.852982312440872192e-02 -2.685411274433135986e-02
4.587643314152956009e-03 -7.772773504257202148e-02 4.521254450082778931e-02
8.156777918338775635e-02 -5.644140020012855530e-02 6.486853212118148804e-02
8.011535555124282837e-02 -3.696764260530471802e-02 5.918925628066062927e-02
1.792216598987579346e-01 -4.752691835165023804e-02 -4.527926817536354065e-02
-1.220026239752769470e-02 8.742313086986541748e-02 3.433113545179367065e-02
1.220349445939064026e-01 -1.619013398885726929e-02 2.918140403926372528e-02
3.078122437000274658e-02 -9.882098436355590820e-02 -4.582922440022230148e-03
-2.034129761159420013e-02 1.274510007351636887e-02 5.834449082612991333e-02
3.287235647439956665e-02 1.778595335781574249e-02 -1.691217883490025997e-03
-1.098225563764572144e-01 -7.946250960230827332e-03 -5.560688208788633347e-03
-8.410000801086425781e-02 3.864631056785583496e-02 -2.566658519208431244e-02
-7.623487710952758789e-02 1.041514053940773010e-01 -4.593937098979949951e-02
4.512691870331764221e-02 -3.605694323778152466e-02 -4.696074500679969788e-02
1.869933307170867920e-01 -1.023762449622154236e-01 -7.965071126818656921e-04
5.703397467732429504e-02 1.172050251625478268e-03 -6.597606465220451355e-03
1.865319013595581055e-01 -5.668902397155761719e-02 5.994480103254318237e-02
-1.059565097093582153e-01 1.132034584879875183e-01 4.664073511958122253e-02
-3.890412673354148865e-02 4.933372512459754944e-02 4.743904247879981995e-02
-1.055378317832946777e-01 -5.306983366608619690e-03 -1.208336371928453445e-02
2.817016839981079102e-02 -2.199652977287769318e-02 5.946106836199760437e-02
9.724070318043231964e-03 7.040198892354965210e-02 2.483929693698883057e-02
1.345240175724029541e-01 -2.152511849999427795e-02 1.333214901387691498e-02
-9.461642056703567505e-02 3.339987248182296753e-02 2.460407465696334839e-02
1.716369539499282837e-01 -8.687078952789306641e-02 7.240524888038635254e-02
6.199250370264053345e-02 -9.105415642261505127e-02 -6.181592866778373718e-02
-1.167391240596771240e-01 6.903514266014099121e-02 -2.275666035711765289e-02
-1.305250544100999832e-02 4.901005886495113373e-04 5.671530961990356445e-02
5.584618821740150452e-02 -9.679733961820602417e-02 -4.935999214649200439e-02
-1.182176098227500916e-01 5.483486503362655640e-02 1.120569929480552673e-02
-4.175649583339691162e-02 1.631180793046951294e-01 2.648361399769783020e-02
-9.798377752304077148e-02 6.185712665319442749e-02 3.303016722202301025e-02
-5.060046166181564331e-02 8.166299201548099518e-03 -3.964653611183166504e-02
7.181904464960098267e-02 -1.083568902686238289e-03 -2.881139283999800682e-03
-9.995155781507492065e-02 7.921191304922103882e-02 3.842901811003684998e-02
8.518843352794647217e-02 -2.967541338875889778e-03 3.633338958024978638e-02
-1.435210108757019043e-01 1.184678003191947937e-01 -6.672006566077470779e-05
-7.014374434947967529e-02 1.633604317903518677e-01 4.656302183866500854e-02
-7.915817946195602417e-02 1.397004127502441406e-01 -5.027231946587562561e-02
-1.433793921023607254e-02 1.218950934708118439e-02 -3.746668249368667603e-02
8.018045127391815186e-02 -5.366866011172533035e-03 4.212379083037376404e-02
-5.903136916458606720e-03 9.798951447010040283e-03 5.795335024595260620e-02
-3.473697230219841003e-02 -4.643538594245910645e-02 3.933253884315490723e-02
-1.157010272145271301e-01 5.766667053103446960e-02 -1.524566952139139175e-02
7.842063903808593750e-02 -9.586270153522491455e-02 1.337579730898141861e-02
1.848973333835601807e-02 -6.151207908987998962e-02 -5.870273336768150330e-02
-3.437093272805213928e-02 -8.953562378883361816e-02 3.268966823816299438e-02
8.873438462615013123e-03 5.872130393981933594e-02 -2.804497024044394493e-03
1.726142317056655884e-01 -1.014994084835052490e-01 -4.466704651713371277e-02
1.318199783563613892e-01 -1.017794460058212280e-01 -4.898844659328460693e-02
-3.770170360803604126e-02 -1.027178093791007996e-01 -3.973367065191268921e-02
1.788474917411804199e-01 -6.250890344381332397e-02 -6.621773540973663330e-02
-8.830475807189941406e-02 -1.085634976625442505e-01 -1.574997045099735260e-02
-3.916973248124122620e-02 -8.854779601097106934e-02 3.291501104831695557e-02
-1.345223635435104370e-01 1.475756168365478516e-01 3.887258470058441162e-02
5.105955153703689575e-02 -3.287133201956748962e-02 -4.476692900061607361e-02
-8.865001052618026733e-02 -7.422461360692977905e-02 -4.395062103867530823e-02
1.137908548116683960e-01 -3.005414642393589020e-02 -2.762036584317684174e-02
-7.207771390676498413e-02 -4.562153294682502747e-02 -3.814338520169258118e-02
-1.334056258201599121e-01 1.522419601678848267e-01 4.154925420880317688e-02
-1.954939775168895721e-02 1.349806040525436401e-01 1.382796932011842728e-02
1.297521442174911499e-01 -5.759976059198379517e-02 -6.408055126667022705e-02
-5.235411599278450012e-02 9.573115408420562744e-02 -4.128616303205490112e-02
-2.853011339902877808e-02 6.834807246923446655e-02 -3.029921837151050568e-02
1.659832894802093506e-02 4.715796932578086853e-02 3.936520963907241821e-02
-5.396109446883201599e-02 -1.008271798491477966e-01 -4.277238249778747559e-02
-4.449325054883956909e-02 -5.744981765747070312e-02 -4.939423501491546631e-02
2.696267515420913696e-02 -4.585297778248786926e-02 -5.209825560450553894e-02
-9.443228133022785187e-03 9.515575319528579712e-02 -1.287300791591405869e-02
-1.124276500195264816e-02 -9.637703746557235718e-02 2.633565105497837067e-02
-9.284496307373046875e-02 -1.036468967795372009e-01 -2.428823336958885193e-02
7.224962115287780762e-03 -9.369390457868576050e-02 -5.212976038455963135e-02
-4.852617532014846802e-02 -5.028490722179412842e-02 -4.571003839373588562e-02
-3.243495896458625793e-02 -8.985147625207901001e-02 -5.351560190320014954e-02
-1.105953976511955261e-01 -7.245148718357086182e-02 -1.599716208875179291e-02
-4.366241022944450378e-02 1.359204947948455811e-01 -3.920948505401611328e-02
-3.733687475323677063e-02 1.345662176609039307e-01 3.176961094141006470e-02
-9.853608906269073486e-02 -2.421979093924164772e-03 1.143365912139415741e-02
-9.531311690807342529e-02 -1.117130555212497711e-02 1.221519242972135544e-02
-8.611405640840530396e-02 1.557629257440567017e-01 -5.282400920987129211e-02
-1.007585003972053528e-01 -6.405507773160934448e-02 -3.557155653834342957e-02
-1.284178197383880615e-01 1.305449306964874268e-01 3.726701810956001282e-02
-2.467657066881656647e-02 -9.134288877248764038e-02 3.253040090203285217e-02
-1.008286774158477783e-01 -5.827427655458450317e-02 5.824883468449115753e-03
-6.930997967720031738e-02 1.131183058023452759e-01 -4.615517705678939819e-02
3.918949887156486511e-02 -3.888327628374099731e-02 6.186759844422340393e-02
3.737877309322357178e-02 -1.046472880989313126e-02 -2.622242644429206848e-02
-4.893654957413673401e-02 1.361188888549804688e-01 -4.223204404115676880e-02
-1.326705664396286011e-01 9.699619561433792114e-02 1.360099017620086670e-02
-5.376596003770828247e-02 -3.051215782761573792e-02 -3.907754644751548767e-02
9.228547662496566772e-02 -9.653909504413604736e-02 1.335593988187611103e-03
1.518251448869705200e-01 -1.034495756030082703e-01 6.069710850715637207e-02
8.173230290412902832e-02 -2.781217172741889954e-02 5.575851351022720337e-02
-1.184348948299884796e-02 2.898728102445602417e-02 5.786714330315589905e-02
2.989031560719013214e-02 2.462464384734630585e-02 2.173519460484385490e-03
1.275805830955505371e-01 -9.900723397731781006e-02 6.991351488977670670e-03
-1.200965940952301025e-01 1.088285446166992188e-01 -3.964880481362342834e-02
-1.085061505436897278e-01 1.542785321362316608e-03 -7.666263729333877563e-03
-7.053654640913009644e-02 -9.321261197328567505e-02 -4.714719206094741821e-02
1.784144639968872070e-01 -4.303353652358055115e-02 -8.304759860038757324e-03
-3.574999049305915833e-02 3.103836253285408020e-02 -4.004499688744544983e-02
-6.544673349708318710e-03 1.090573593974113464e-01 2.873558783903717995e-03
-5.537098646163940430e-02 -4.475878179073333740e-02 3.038498014211654663e-02
-1.489120423793792725e-01 1.647576242685317993e-01 -4.365529492497444153e-02
-4.722280800342559814e-02 -2.954716794192790985e-02 3.618630021810531616e-02
-1.221281811594963074e-01 1.543522775173187256e-01 4.937320575118064880e-02
1.211921200156211853e-01 -5.246666818857192993e-02 -5.907797440886497498e-02
-4.106996580958366394e-03 -8.989261835813522339e-02 3.393642231822013855e-02
-9.514202922582626343e-02 -6.622838973999023438e-02 -3.978963941335678101e-02
-1.512408852577209473e-01 1.478021293878555298e-01 -3.144016489386558533e-02
1.866447925567626953e-01 -1.051626652479171753e-01 6.089872494339942932e-02
-1.671749539673328400e-02 -8.576057106256484985e-02 -5.656973645091056824e-02
-1.042129397392272949e-01 -1.635803095996379852e-02 5.428671836853027344e-03
4.774721805006265640e-03 2.227296307682991028e-02 -1.924188621342182159e-02
-5.091514810919761658e-02 2.480527944862842560e-02 4.461247101426124573e-02
1.221540346741676331e-01 -9.769979864358901978e-02 5.335546657443046570e-02
-1.139590218663215637e-01 1.449988484382629395e-01 5.036957934498786926e-02
9.202548861503601074e-02 -9.646124392747879028e-02 -1.706347800791263580e-03
1.377656757831573486e-01 -1.052665933966636658e-01 2.232290431857109070e-02
2.377226389944553375e-02 -6.025270372629165649e-02 -5.863505601882934570e-02
-8.789025992155075073e-02 3.975604474544525146e-02 -2.424542605876922607e-02
2.271980419754981995e-02 -4.655290395021438599e-02 6.043551117181777954e-02
9.026732295751571655e-02 -9.725977480411529541e-02 -1.857569068670272827e-02
-8.733999729156494141e-02 -9.323491901159286499e-02 -3.988883271813392639e-02
1.702989637851715088e-02 -8.732797950506210327e-02 3.553279861807823181e-02
-9.280769526958465576e-02 -2.637794800102710724e-02 -2.426107786595821381e-02
-5.871555954217910767e-02 -6.002929806709289551e-02 2.938211895525455475e-02
3.047155681997537613e-03 -9.761206805706024170e-02 1.953552290797233582e-02
-1.732134073972702026e-02 -1.103855893015861511e-01 -1.524804253131151199e-02
-1.043204888701438904e-01 1.239784732460975647e-01 4.903126880526542664e-02
1.045211032032966614e-01 -8.275548927485942841e-03 2.970490977168083191e-02
-2.551910001784563065e-04 8.615595847368240356e-02 -1.120766042731702328e-03
-6.484453566372394562e-03 4.069237411022186279e-02 -2.194447629153728485e-02
-2.498041838407516479e-02 1.615034937858581543e-01 -6.833639927208423615e-03
-1.138758510351181030e-01 5.680334940552711487e-02 -1.730607450008392334e-02
-9.415765851736068726e-02 -5.536942183971405029e-02 -3.698119521141052246e-02
7.664431631565093994e-02 -1.591305062174797058e-02 -2.551822736859321594e-02
1.424773186445236206e-01 -1.067173257470130920e-01 2.199942618608474731e-02
6.002355739474296570e-02 -9.295742213726043701e-02 2.550757117569446564e-02
-2.153252996504306793e-02 -1.102213114500045776e-01 1.666234573349356651e-03
-3.403731435537338257e-02 1.307375282049179077e-01 -3.241991624236106873e-02
1.727775633335113525e-01 -3.723209723830223083e-02 2.684042416512966156e-02
5.988128855824470520e-02 -1.026305090636014938e-02 5.200002342462539673e-02
-3.697584196925163269e-02 -1.312480214983224869e-02 4.641419276595115662e-02
8.753573149442672729e-02 -8.925229310989379883e-02 -6.595448404550552368e-02
-1.033335626125335693e-01 3.471329435706138611e-02 -1.500164344906806946e-02
-1.081370413303375244e-01 -3.500269725918769836e-02 -9.976189583539962769e-03
-2.299503795802593231e-02 1.496601551771163940e-01 -1.143138017505407333e-02
-3.342658653855323792e-02 -1.037283167243003845e-01 2.110733278095722198e-02
-6.111258640885353088e-02 1.355297863483428955e-01 4.512603953480720520e-02
1.805450581014156342e-02 1.205544546246528625e-02 -1.511891745030879974e-02
-1.477055847644805908e-01 1.312084496021270752e-01 -1.281925104558467865e-02
1.614528000354766846e-01 -9.843467921018600464e-02 -5.895486474037170410e-02
-2.199508063495159149e-02 -4.415963217616081238e-02 -4.552599415183067322e-02
-7.948509603738784790e-02 -7.638825476169586182e-02 -4.793880134820938110e-02
-8.149852603673934937e-02 8.738620579242706299e-02 4.387258738279342651e-02
-1.001666486263275146e-02 -5.345995724201202393e-02 4.999141395092010498e-02
-1.730439439415931702e-02 2.175930887460708618e-02 -3.610339760780334473e-02
1.869933307170867920e-01 -1.104214414954185486e-01 4.705467075109481812e-02
1.048438600264489651e-03 -2.194864116609096527e-02 -3.887522593140602112e-02
-5.341742932796478271e-02 -6.070620846003293991e-03 -3.681609779596328735e-02
1.797535717487335205e-01 -4.093877226114273071e-02 1.192812458612024784e-03
-1.071176230907440186e-01 -8.398104459047317505e-02 -3.578449832275509834e-03
4.706114530563354492e-02 -9.537642449140548706e-02 -5.356277525424957275e-02
-9.431001730263233185e-03 1.028450671583414078e-02 -3.465638682246208191e-02
3.992335125803947449e-02 1.809979043900966644e-02 4.365398734807968140e-02
-7.811739295721054077e-02 -2.777315676212310791e-03 1.751406490802764893e-02
-2.812246233224868774e-02 1.097458526492118835e-01 -2.934039197862148285e-02
-7.293316721916198730e-02 -4.838403314352035522e-02 2.419636212289333344e-02
1.639701426029205322e-02 5.483671650290489197e-02 3.259022161364555359e-02
-7.435206789523363113e-03 -4.612605273723602295e-02 -4.714898765087127686e-02
